# oST version 5.0 parameters


[image]

width
640

height
480

[depth_A00363908112045A]

camera matrix
593.925764 0.000000 327.581025
0.000000 592.254391 236.191100
0.000000 0.000000 1.000000

distortion
-0.044517 0.151145 -0.006330 0.003018 0.000000

rectification
1.000000 0.000000 0.000000
0.000000 1.000000 0.000000
0.000000 0.000000 1.000000

projection
601.296265 0.000000 328.410337 0.000000
0.000000 597.818237 233.112349 0.000000
0.000000 0.000000 1.000000 0.000000
