# oST version 5.0 parameters


[image]

width
640

height
480

[rgb_A00363908112045A]

camera matrix
523.384372 0.000000 319.944392
0.000000 525.788885 266.203524
0.000000 0.000000 1.000000

distortion
0.172997 -0.303320 -0.007806 -0.002200 0.000000

rectification
1.000000 0.000000 0.000000
0.000000 1.000000 0.000000
0.000000 0.000000 1.000000

projection
535.263611 0.000000 318.131588 0.000000
0.000000 539.151611 262.899644 0.000000
0.000000 0.000000 1.000000 0.000000
