# oST version 5.0 parameters


[image]

width
640

height
480

[depth_1301220068]

camera matrix
516.6475158691406 0.000000 319.5
0.000000 516.6475158691406 239.5
0.000000 0.000000 1.000000

distortion
0.0 0.0 0.0 0.0 0.0

rectification
1.000000 0.000000 0.000000
0.000000 1.000000 0.000000
0.000000 0.000000 1.000000

projection
516.6475158691406 0.000000 319.5 0.000000
0.000000 516.6475158691406 239.5 0.000000
0.000000 0.000000 1.000000 0.000000
