# oST version 5.0 parameters
# 0.915 * factory focal length

[image]

width
640

height
480

[rgb_1301220068]

camera matrix
525.258307800293 0.000000 319.5
0.000000 525.258307800293 239.5
0.000000 0.000000 1.000000

distortion
0.0 0.0 0.0 0.0 0.0

rectification
1.000000 0.000000 0.000000
0.000000 1.000000 0.000000
0.000000 0.000000 1.000000

projection
525.258307800293 0.000000 319.5 0.000000
0.000000 525.258307800293 239.5 0.000000
0.000000 0.000000 1.000000 0.000000
