# oST version 5.0 parameters


[image]

width
640

height
480

[rgb_1405110274]

camera matrix
539.6096276855468 0.000000 319.5
0.000000 539.6096276855468 239.5
0.000000 0.000000 1.000000

distortion
0.0 0.0 0.0 0.0 0.0

rectification
1.000000 0.000000 0.000000
0.000000 1.000000 0.000000
0.000000 0.000000 1.000000

projection
539.6096276855468 0.000000 319.5 0.000000
0.000000 539.6096276855468 239.5 0.000000
0.000000 0.000000 1.000000 0.000000
