# oST version 5.0 parameters


[image]

width
640

height
480

[00b09d0100ab13b7_left]

camera matrix
380.845343 0.000000 351.068291
0.000000 359.031406 236.200000
0.000000 0.000000 1.000000

distortion
-0.318933 0.073928 0.001231 -0.008599 0.000000

rectification
0.994625 -0.082687 -0.062325
0.080748 0.996188 -0.033009
0.064817 0.027799 0.997510

projection
376.725876 0.000000 505.338824 0.000000
0.000000 376.725876 239.057272 0.000000
0.000000 0.000000 1.000000 0.000000
