# oST version 5.0 parameters


[image]

width
640

height
480

[00b09d0100ab13b7_right]

camera matrix
392.876839 0.000000 314.152646
0.000000 370.670577 243.988247
0.000000 0.000000 1.000000

distortion
-0.319303 0.072599 0.000080 0.005199 0.000000

rectification
0.922071 -0.033970 -0.385527
0.045926 0.998706 0.021844
0.384286 -0.037847 0.922438

projection
376.725876 0.000000 505.338824 -89.002254
0.000000 376.725876 239.057272 0.000000
0.000000 0.000000 1.000000 0.000000
