# oST version 5.0 parameters


[image]

width
640

height
480

[00b09d0100ab13b7_right]

camera matrix
451.520564 0.000000 326.928031
0.000000 425.728929 238.119567
0.000000 0.000000 1.000000

distortion
-0.434713 0.135032 -0.002973 0.003096 0.000000

rectification
0.995712 -0.061541 -0.069069
0.061780 0.998089 0.001322
0.068856 -0.005584 0.997611

projection
381.002210 0.000000 341.979530 -52.199334
0.000000 381.002210 236.962046 0.000000
0.000000 0.000000 1.000000 0.000000

