# oST version 5.0 parameters


[image]

width
640

height
480

[00b09d0100ab13b7_left]

camera matrix
475.365627 0.000000 331.389832
0.000000 443.786413 245.150187
0.000000 0.000000 1.000000

distortion
-0.514345 0.213008 -0.009100 -0.009007 0.000000

rectification
0.999050 -0.043304 0.004876
0.043321 0.999056 -0.003352
-0.004726 0.003560 0.999982

projection
381.002210 0.000000 341.979530 0.000000
0.000000 381.002210 236.962046 0.000000
0.000000 0.000000 1.000000 0.000000

