# oST version 5.0 parameters


[image]

width
1280

height
960

[00b09d010099d481]

camera matrix
1073.627496 0.000000 644.927280
0.000000 1076.365700 506.137023
0.000000 0.000000 1.000000

distortion
-0.378692 0.154816 -0.000335 0.001044 0.000000

rectification
0.982130 0.009114 -0.187981
-0.008516 0.999956 0.003989
0.188009 -0.002317 0.982165

projection
1011.286821 0.000000 911.308636 -41.267663
0.000000 1011.286821 502.561058 0.000000
0.000000 0.000000 1.000000 0.000000

