# oST version 5.0 parameters


[image]

width
1280

height
960

[00b09d010099d46d]

camera matrix
1081.439131 0.000000 637.116513
0.000000 1083.259977 497.936057
0.000000 0.000000 1.000000

distortion
-0.392119 0.184700 -0.000437 0.000409 0.000000

rectification
0.980056 0.014187 -0.198215
-0.014818 0.999889 -0.001700
0.198169 0.004603 0.980157

projection
1011.286821 0.000000 911.308636 0.000000
0.000000 1011.286821 502.561058 0.000000
0.000000 0.000000 1.000000 0.000000

